 ---------------------------------------------------------------
 Surface and Strip Forces by surface

  Forces referred to Sref, Cref, Bref about Xref, Yref, Zref
 Standard axis orientation,  X fwd, Z down         

  Surface # 1     Wing                                    
     # Chordwise =  6   # Spanwise = 50     First strip =  1
     Surface area =    0.099000       Ave. chord =    0.100000
     CLsurf  =   1.10000     Clsurf  =  -0.00000
     CYsurf  =   0.00000     Cmsurf  =   0.60814
     CDsurf  =   0.04092     Cnsurf  =  -0.00000
     CDisurf =   0.04092     CDvsurf =   0.00000

  Forces referred to Ssurf, Cave about hinge axis thru LE
     CLsurf  =   1.11111     CDsurf  =   0.04134
     Deflect =

 Strip Forces referred to Strip Area, Chord
    j      Yle    Chord     Area     c cl      ai      cl_norm  cl       cd       cdv    cm_c/4    cm_LE  C.P.x/c
     1  -0.4947   0.1000   0.0001   0.0065   0.1789   0.0642   0.0642   0.0080   0.0000   0.0046  -0.0116    0.178
     2  -0.4927   0.1000   0.0003   0.0193   0.1769   0.1914   0.1914   0.0227   0.0000   0.0130  -0.0351    0.182
     3  -0.4887   0.1000   0.0005   0.0317   0.1729   0.3158   0.3158   0.0339   0.0000   0.0195  -0.0598    0.188
     4  -0.4826   0.1000   0.0007   0.0436   0.1672   0.4349   0.4349   0.0418   0.0000   0.0233  -0.0858    0.196
     5  -0.4745   0.1000   0.0009   0.0548   0.1603   0.5469   0.5469   0.0475   0.0000   0.0246  -0.1123    0.205
     6  -0.4645   0.1000   0.0011   0.0651   0.1521   0.6503   0.6503   0.0516   0.0000   0.0240  -0.1386    0.213
     7  -0.4526   0.1000   0.0013   0.0744   0.1431   0.7442   0.7442   0.0540   0.0000   0.0220  -0.1639    0.220
     8  -0.4389   0.1000   0.0015   0.0827   0.1334   0.8279   0.8279   0.0551   0.0000   0.0193  -0.1873    0.227
     9  -0.4233   0.1000   0.0016   0.0899   0.1235   0.9016   0.9016   0.0550   0.0000   0.0164  -0.2084    0.232
    10  -0.4060   0.1000   0.0018   0.0962   0.1139   0.9656   0.9656   0.0540   0.0000   0.0137  -0.2269    0.236
    11  -0.3870   0.1000   0.0020   0.1017   0.1047   1.0206   1.0206   0.0523   0.0000   0.0112  -0.2429    0.239
    12  -0.3664   0.1000   0.0021   0.1063   0.0962   1.0675   1.0675   0.0503   0.0000   0.0091  -0.2565    0.241
    13  -0.3444   0.1000   0.0023   0.1102   0.0885   1.1073   1.1073   0.0481   0.0000   0.0074  -0.2679    0.243
    14  -0.3209   0.1000   0.0024   0.1134   0.0818   1.1408   1.1408   0.0458   0.0000   0.0061  -0.2775    0.245
    15  -0.2961   0.1000   0.0025   0.1162   0.0758   1.1689   1.1689   0.0436   0.0000   0.0050  -0.2854    0.246
    16  -0.2700   0.1000   0.0027   0.1185   0.0707   1.1923   1.1923   0.0415   0.0000   0.0041  -0.2920    0.247
    17  -0.2429   0.1000   0.0028   0.1204   0.0664   1.2118   1.2118   0.0396   0.0000   0.0035  -0.2974    0.247
    18  -0.2148   0.1000   0.0029   0.1219   0.0627   1.2279   1.2279   0.0380   0.0000   0.0029  -0.3018    0.248
    19  -0.1858   0.1000   0.0029   0.1232   0.0596   1.2410   1.2410   0.0365   0.0000   0.0025  -0.3054    0.248
    20  -0.1560   0.1000   0.0030   0.1242   0.0571   1.2515   1.2515   0.0353   0.0000   0.0022  -0.3083    0.248
    21  -0.1256   0.1000   0.0031   0.1250   0.0552   1.2597   1.2597   0.0343   0.0000   0.0020  -0.3105    0.248
    22  -0.0946   0.1000   0.0031   0.1256   0.0537   1.2658   1.2658   0.0336   0.0000   0.0018  -0.3122    0.249
    23  -0.0633   0.1000   0.0031   0.1260   0.0526   1.2701   1.2701   0.0331   0.0000   0.0017  -0.3133    0.249
    24  -0.0317   0.1000   0.0032   0.1262   0.0520   1.2725   1.2725   0.0327   0.0000   0.0017  -0.3140    0.249
    25  -0.0079   0.1000   0.0016   0.1263   0.0518   1.2732   1.2732   0.0326   0.0000   0.0016  -0.3141    0.249
    26   0.0079   0.1000   0.0016   0.1263   0.0518   1.2732   1.2732   0.0326   0.0000   0.0016  -0.3141    0.249
    27   0.0317   0.1000   0.0032   0.1262   0.0520   1.2725   1.2725   0.0327   0.0000   0.0017  -0.3140    0.249
    28   0.0633   0.1000   0.0031   0.1260   0.0526   1.2701   1.2701   0.0331   0.0000   0.0017  -0.3133    0.249
    29   0.0946   0.1000   0.0031   0.1256   0.0537   1.2658   1.2658   0.0336   0.0000   0.0018  -0.3122    0.249
    30   0.1256   0.1000   0.0031   0.1250   0.0552   1.2597   1.2597   0.0343   0.0000   0.0020  -0.3105    0.248
    31   0.1560   0.1000   0.0030   0.1242   0.0571   1.2515   1.2515   0.0353   0.0000   0.0022  -0.3083    0.248
    32   0.1858   0.1000   0.0029   0.1232   0.0596   1.2410   1.2410   0.0365   0.0000   0.0025  -0.3054    0.248
    33   0.2148   0.1000   0.0029   0.1219   0.0627   1.2279   1.2279   0.0380   0.0000   0.0029  -0.3018    0.248
    34   0.2429   0.1000   0.0028   0.1204   0.0664   1.2118   1.2118   0.0396   0.0000   0.0035  -0.2974    0.247
    35   0.2700   0.1000   0.0027   0.1185   0.0707   1.1923   1.1923   0.0415   0.0000   0.0041  -0.2920    0.247
    36   0.2961   0.1000   0.0025   0.1162   0.0758   1.1689   1.1689   0.0436   0.0000   0.0050  -0.2854    0.246
    37   0.3209   0.1000   0.0024   0.1134   0.0818   1.1408   1.1408   0.0458   0.0000   0.0061  -0.2775    0.245
    38   0.3444   0.1000   0.0023   0.1102   0.0885   1.1073   1.1073   0.0481   0.0000   0.0074  -0.2679    0.243
    39   0.3664   0.1000   0.0021   0.1063   0.0962   1.0675   1.0675   0.0503   0.0000   0.0091  -0.2565    0.241
    40   0.3870   0.1000   0.0020   0.1017   0.1047   1.0206   1.0206   0.0523   0.0000   0.0112  -0.2429    0.239
    41   0.4060   0.1000   0.0018   0.0962   0.1139   0.9656   0.9656   0.0540   0.0000   0.0137  -0.2269    0.236
    42   0.4233   0.1000   0.0016   0.0899   0.1235   0.9016   0.9016   0.0550   0.0000   0.0164  -0.2084    0.232
    43   0.4389   0.1000   0.0015   0.0827   0.1334   0.8279   0.8279   0.0551   0.0000   0.0193  -0.1873    0.227
    44   0.4526   0.1000   0.0013   0.0744   0.1431   0.7442   0.7442   0.0540   0.0000   0.0220  -0.1639    0.220
    45   0.4645   0.1000   0.0011   0.0651   0.1521   0.6504   0.6504   0.0516   0.0000   0.0240  -0.1386    0.213
    46   0.4745   0.1000   0.0009   0.0548   0.1603   0.5469   0.5469   0.0475   0.0000   0.0246  -0.1123    0.205
    47   0.4826   0.1000   0.0007   0.0436   0.1672   0.4349   0.4349   0.0418   0.0000   0.0233  -0.0858    0.196
    48   0.4887   0.1000   0.0005   0.0317   0.1729   0.3158   0.3158   0.0339   0.0000   0.0195  -0.0598    0.188
    49   0.4927   0.1000   0.0003   0.0193   0.1769   0.1914   0.1914   0.0227   0.0000   0.0130  -0.0351    0.182
    50   0.4947   0.1000   0.0001   0.0065   0.1789   0.0642   0.0642   0.0080   0.0000   0.0046  -0.0116    0.178
 ---------------------------------------------------------------
